7.25
-3.694
2.7161
3.1398
-1.6761
11.337
0.60636
5.0058
2.848
-3.1133
10.971
2.7249
9.3552
7.7403
0.36773
12.314
3.1622
11.175
12.203
6.3043
16.925
4.4306
9.5839
10.13
5.7969
18.036
5.4508
8.627
6.6
0.79579
13.657
3.4123
9.0021
7.616
0.18174
10.661
-0.37316
6.9759
8.4323
2.3537
11.429
-2.6718
2.2523
3.3889
-1.2628
9.4019
-4.4635
-1.1187
-2.471
-8.7371
2.6178
-8.4794
-2.2866
-2.8862
-10.808
-1.5715
-12.872
-4.424
-2.0314
-8.5252
-0.3114
-14.064
-7.6324
-5.5171
-10.559
-0.41215
-13.441
-8.3826
-8.8769
-15.573
-4.4282
-14.299
-6.3132
-6.2247
-14.562
-5.1743
-14.885
-4.6271
-1.7169
-8.5596
0.16395
-11.755
-3.6595
-1.3053
-6.7073
4.1571
-7.0406
-0.70077
-1.3771
-8.5344
3.3972
-4.8254
3.94
3.4281
-5.4254
4.8103
-3.4839
7.0674
9.0597
1.7332
11.35
0.54475
8.422
9.5672
3.69
15.366
4.8246
10.36
8.1759
0.51104
13.07
4.9808
12.411
10.222
0.92395
11.652
3.0672
11.954
12.327
4.7617
14.806
3.3851
9.4305
9.1447
3.2545
15.248
3.7706
7.3771
3.9947
-3.4964
9.225
-0.067247
5.4777
2.4452
-6.4303
4.3911
-5.4749
1.8136
1.8761
-4.9246
5.2431
-7.3735
-2.4836
-2.4993
-7.3348
4.7733
-7.7927
-4.8959
-7.5238
-13.815
-1.0648
-11.325
-6.0343
-7.8857
-15.477
-4.6785
-15.276
-7.7028
-6.0353
-11.48
-1.3302
-14.36
-8.6534
-6.7589
-10.3
1.721
-11.014
-6.9378
-7.5986
-12.868
-0.3924
-10.676
-4.0039
-4.0171
-10.959
-0.61189
-11.069
-1.9665
1.3401
-3.8199
5.7723
-6.9324
0.36652
3.585
-0.092351
11.236
-1.0956
4.4327
4.5849
-1.3472
10.237
0.31847
8.1414
8.3373
0.23625
9.5672
-0.54041
9.41
12.395
5.7465
14.358
2.053
9.9154
12.353
6.9791
17.425
5.4979
11.23
10.138
2.3503
13.152
3.5729
11.202
9.7685
-0.20425
8.5488
-1.2228
8.2545
9.45
1.1642
9.572
-2.2958
4.9539
5.6422
-0.97067
9.6915
-1.7203
3.2779
0.54775
-8.055
3.3126
-5.7571
1.0228
-1.8577
-12.169
-2.5104
-11.76
-3.1224
-3.0034
-11.033
-1.3379
-12.613
-6.0648
-5.9614
-11.713
0.53277
-10.288
-5.8713
-8.7438
-16.037
-3
-11.628
-5.3763
-8.035
-16.737
-5.4686
-14.469
-6.2646
-5.5449
-11.723
-0.53135
-11.719
-5.4444
-4.3796
-8.1588
5.3476
-5.6101
-1.3746
-3.0916
-8.537
5.3146
-3.7969
2.2561
0.76958
-6.4066
5.1244
-4.7007
3.3046
5.1697
0.14912
11.1
-1.1322
5.0205
7.1867
4.1623
16.953
4.7879
8.9531
8.1694
2.9573
15.584
5.0951
11.059
10.22
2.703
12.566
1.3
9.2528
11.515
5.701
14.761
1.2393
7.5027
9.9055
5.7829
16.656
3.4825
7.9379
7.2138
0.64475
11.408
0.21132
6.582
5.5851
-3.4822
4.6908
-6.9118
1.5919
3.5679
-3.7931
3.9717
-9.3721
-2.327
-0.20924
-5.6838
4.4401
-8.0095
-2.5785
-3.5863
-11.272
-0.72904
-10.781
-3.3873
-4.731
-14.68
-6.2405
-16.382
-6.8799
-5.2758
-13.191
-4.6343
-16.228
-8.2054
-6.4014
-12.023
-0.60682
-11.129
-4.8345
-6.1387
-13.641
-1.4975
-9.6905
-1.7336
-3.4682
-13.037
-2.8908
-11.439
-1.7622
-0.64425
-8.0044
2.2805
-8.0453
-0.19936
1.1032
-3.7809
9.3029
-0.35044
5.41
3.5772
-3.12
10.439
2.5587
9.5487
7.1838
-1.6603
9.4801
0.6138
8.9239
9.3532
2.6254
13.481
2.3074
8.5691
9.2697
4.985
18.268
7.3622
11.469
9.1824
3.013
16.365
6.8645
12.184
9.4877
1.0178
11.522
0.75502
7.4923
7.7719
1.3076
11.23
-1.8922
3.1211
3.9965
-0.020761
12.212
-0.46666
2.8723
1.1241
-4.7697
7.4726
-3.542
1.4906
-0.39526
-8.6583
0.69419
-11.273
-4.3432
-3.0286
-9.3392
-0.48579
-14.347
-8.5873
-6.4239
-10.259
1.1362
-11.71
-7.0782
-7.3555
-13.069
-1.4299
-12.107
-5.4135
-5.8492
-14.063
-5.1544
-16.402
-7.6326
-5.0413
-11.472
-2.8865
-15.678
-7.9844
-4.7547
-8.824
2.5391
-8.9241
-2.3729
-1.8732
-7.9601
3.8199
-5.3379
3.0288
2.9079
-5.9231
3.1634
-6.6389
3.3583
5.7129
-1.5817
7.1976
-4.2957
4.145
6.6619
1.6077
13.242
2.9177
9.7428
9.1343
2.0165
14.117
5.8307
13.926
12.302
2.3825
11.743
2.4253
11.575
12.102
3.7331
12.756
1.3936
8.5533
9.1417
3.2187
15.18
4.7477
10.051
7.6282
-0.029085
12.503
3.8935
10.313
7.0751
-3.0622
6.7607
-3.1189
4.2739
3.4723
-4.7711
4.75
-7.3195
-1.8049
-2.073
-7.4213
5.1608
-5.9636
-1.9878
-4.659
-11.272
1.9925
-7.2538
-1.7925
-4.7131
-13.477
-2.9445
-13.457
-6.6789
-6.6889
-13.37
-3.2364
-15.9
-10.599
-9.6123
-13.254
-0.13368
-11.715
-7.4869
-8.4837
-13.341
0.33913
-9.2425
-3.1509
-4.1802
-11.367
-0.69684
-11.536
-3.9176
-2.0544
-7.5317
2.381
-10.622
-4.3405
-1.6061
-4.4615
8.1391
-3.7223
1.6175
2.1742
-2.3385
10.558
0.75185
7.9686
8.131
0.73573
10.308
-0.79002
7.7956
10.327
4.034
12.562
-0.73038
6.3205
9.2051
5.0525
16.161
4.1034
10.072
10.353
4.2316
15.692
5.8393
13.525
12.999
3.7584
11.999
0.95703
9.7721
11.203
2.9162
10.295
-2.8217
4.2528
5.7697
-0.29972
10.033
-1.6105
4.3074
3.1671
-4.5606
6.6382
-2.521
5.0809
3.1773
-7.2758
1.1937
-8.9749
-0.33542
-0.21529
-9.2981
-1.2524
-13.389
-6.5635
-6.1759
-12.522
-1.0542
-11.588
-5.8894
-7.8234
-15.22
-2.4387
-10.403
-2.9813
-5.3279
-14.927
-4.6152
-13.686
-5.295
-5.3602
-13.234
-3.3033
-14.589
-8.1212
-7.6798
-12.542
0.75216
-9.1969
-3.8977
-5.496
-11.188
3.2724
-4.405
2.5806
0.78398
-7.0697
4.5724
-4.6412
3.181
3.7192
-2.5978
8.126
-3.8061
1.939
2.9728
-0.61638
12.915
1.9106
6.4489
5.4732
0.76979
14.967
5.9461
12.215
11.042
3.8168
14.675
3.859
10.986
12.039
5.8824
15.295
1.5668
6.6713
8.0965
4.2373
16.089
3.3072
7.4176
6.8133
1.5567
13.933
3.375
9.543
8.7606
0.76797
9.7875
-2.2456
5.0803
6.4728
-0.66497
6.9639
-7.615
-2.0351
-0.3301
-5.2838
5.0149
-8.1116
-3.1764
-3.4651
-9.7469
1.5124
-8.7715
-1.4118
-1.8204
-10.692
-2.3034
-13.506
-4.7662
-3.0519
-10.963
-3.5336
-16.866
-9.8107
-7.9073
-13.507
-2.9664
-14.488
-8.0686
-8.2421
-14.945
-2.962
-11.339
-2.5551
-2.9382
-12.006
-2.5134
-11.711
-1.8018
-0.27636
-8.2782
0.43196
-11.048
-3.2623
-1.838
-7.4792
4.4064
-5.5362
1.1488
0.27539
-6.3643
6.9988
-0.12098
8.4882
7.2505
-1.6549
9.1413
0.75121
9.9837
10.466
2.6174
12.374
1.1096
7.6839
7.8876
2.3562
14.97
4.6712
9.7487
7.6406
1.1622
15
7.0866
13.896
11.574
2.9371
13.966
4.41
11.755
11.342
3.8107
13.495
0.71812
5.3986
4.9347
-0.24858
12.021
0.017624
3.3982
0.99703
-5.0013
8.3741
-1.2002
4.3372
2.2202
-5.7533
4.7778
-6.2659
0.3076
0.55505
-6.2218
2.8965
-11.17
-6.7777
-6.223
-10.645
1.0114
-11.994
-8.367
-9.4
-14.607
-1.774
-11.917
-5.5391
-5.9648
-13.13
-3.0247
-14.188
-6.2819
-4.2033
-10.305
-1.5855
-15.439
-9.4292
-7.1329
-11.153
0.080628
-12.443
-7.0384
-6.5271
-11.608
0.84274
-8.5336
-0.28547
0.57503
-6.727
3.0586
-7.1285
2.5697
5.5171
-1.0759
7.2921
-5.5593
1.9306
4.5119
-0.4179
10.384
-1.2163
5.2513
5.4636
-0.844
11.188
2.6762
11.589
11.668
2.9711
12.431
3.0283
12.959
14.674
6.5685
14.67
2.409
9.6179
10.535
4.0236
14.611
3.3722
9.0944
7.3747
-0.39606
11.595
3.3189
11.201
9.3317
-0.49736
9.2021
-0.026605
8.705
8.6052
-0.2323
8.3504
-3.8487
2.0204
1.3187
-5.5194
5.7336
-5.566
-1.2228
-4.2192
-11.824
1.0636
-7.2905
-0.63092
-3.2468
-12.33
-1.4801
-10.742
-2.9723
-3.2461
-10.838
-0.98354
-13.252
-8.1192
-8.5126
-13.783
-1.3049
-12.776
-8.9465
-11.195
-17.008
-2.9958
-11.572
-5.1198
-6.542
-13.671
-1.8333
-11.339
-3.4672
-2.214
-7.8802
2.6723
-9.9593
-4.5492
-3.3121
-6.9369
5.7845
-6.2485
-2.0613
-2.7286
-7.3003
6.492
-2.7795
4.1359
4.205
-2.1069
9.1155
-1.1361
7.2952
9.8517
4.4998
14.027
0.57418
6.5179
8.6953
4.7702
16.039
3.0976
7.7199
7.5599
2.1122
14.166
4.0314
11.353
11.576
3.9841
13.405
2.4927
11.361
13.77
6.8499
14.636
0.7533
7.1056
8.7994
3.07
12.725
-0.42018
4.5446
3.6077
-3.7288
7.0045
-3.0029
4.6844
4.0097
-5.3075
3.2955
-7.0532
2.2753
3.7918
-4.5404
2.9928
-9.9427
-3.1065
-2.3038
-9.1154
0.79323
-11.149
-5.7621
-7.5692
-15.603
-4.1126
-12.702
-4.626
-6.0257
-15.535
-5.6447
-14.384
-4.6763
-3.67
-11.68
-2.4448
-13.744
-6.6507
-6.221
-12.34
-0.54886
-11.054
-5.6617
-7.7745
-14.858
-1.4661
-8.9251
-1.0859
-2.6767
-10.997
0.74193
-7.2
2.0757
3.0329
-3.6318
7.25
-3.694
2.7161
3.1398
-1.6761
11.337
0.60636
5.0058
2.848
-3.1133
10.971
2.7249
9.3552
7.7403
0.36773
12.314
3.1622
11.175
12.203
6.3043
16.925
4.4306
9.5839
10.13
5.7969
18.036
5.4508
8.627
6.6
0.79579
13.657
3.4123
9.0021
7.616
0.18174
10.661
-0.37316
6.9759
8.4323
2.3537
11.429
-2.6718
2.2523
3.3889
-1.2628
9.4019
-4.4635
-1.1187
-2.471
-8.7371
2.6178
-8.4794
-2.2866
-2.8862
-10.808
-1.5715
-12.872
-4.424
-2.0314
-8.5252
-0.3114
-14.064
-7.6324
-5.5171
-10.559
-0.41215
-13.441
-8.3826
-8.8769
-15.573
-4.4282
-14.299
-6.3132
-6.2247
-14.562
-5.1743
-14.885
-4.6271
-1.7169
-8.5596
0.16395
-11.755
-3.6595
-1.3053
-6.7073
4.1571
-7.0406
-0.70077
-1.3771
-8.5344
3.3972
-4.8254
3.94
3.4281
-5.4254
4.8103
-3.4839
7.0674
9.0597
1.7332
11.35
0.54475
8.422
9.5672
3.69
15.366
4.8246
10.36
8.1759
0.51104
13.07
4.9808
12.411
10.222
0.92395
11.652
3.0672
11.954
12.327
4.7617
14.806
3.3851
9.4305
9.1447
3.2545
15.248
3.7706
7.3771
3.9947
-3.4964
9.225
-0.067247
5.4777
2.4452
-6.4303
4.3911
-5.4749
1.8136
1.8761
-4.9246
5.2431
-7.3735
-2.4836
-2.4993
-7.3348
4.7733
-7.7927
-4.8959
-7.5238
-13.815
-1.0648
-11.325
-6.0343
-7.8857
-15.477
-4.6785
-15.276
-7.7028
-6.0353
-11.48
-1.3302
-14.36
-8.6534
-6.7589
-10.3
1.721
-11.014
-6.9378
-7.5986
-12.868
-0.3924
-10.676
-4.0039
-4.0171
-10.959
-0.61189
-11.069
-1.9665
1.3401
-3.8199
5.7723
-6.9324
0.36652
3.585
-0.092351
11.236
-1.0956
4.4327
4.5849
-1.3472
10.237
0.31847
8.1414
8.3373
0.23625
9.5672
-0.54041
9.41
12.395
5.7465
14.358
2.053
9.9154
12.353
6.9791
17.425
5.4979
11.23
10.138
2.3503
13.152
3.5729
11.202
9.7685
-0.20425
8.5488
-1.2228
8.2545
9.45
1.1642
9.572
-2.2958
4.9539
5.6422
-0.97067
9.6915
-1.7203
3.2779
0.54775
-8.055
3.3126
-5.7571
1.0228
-1.8577
-12.169
-2.5104
-11.76
-3.1224
-3.0034
-11.033
-1.3379
-12.613
-6.0648
-5.9614
-11.713
0.53277
-10.288
-5.8713
-8.7438
-16.037
-3
-11.628
-5.3763
-8.035
-16.737
-5.4686
-14.469
-6.2646
-5.5449
-11.723
-0.53135
-11.719
-5.4444
-4.3796
-8.1588
5.3476
-5.6101
-1.3746
-3.0916
-8.537
5.3146
-3.7969
2.2561
0.76958
-6.4066
5.1244
-4.7007
3.3046
5.1697
0.14912
11.1
-1.1322
5.0205
7.1867
4.1623
16.953
4.7879
8.9531
8.1694
2.9573
15.584
5.0951
11.059
10.22
2.703
12.566
1.3
9.2528
11.515
5.701
14.761
1.2393
7.5027
9.9055
5.7829
16.656
3.4825
7.9379
7.2138
0.64475
11.408
0.21132
6.582
5.5851
-3.4822
4.6908
-6.9118
1.5919
3.5679
-3.7931
3.9717
-9.3721
-2.327
-0.20924
-5.6838
4.4401
-8.0095
-2.5785
-3.5863
-11.272
-0.72904
-10.781
-3.3873
-4.731
-14.68
-6.2405
-16.382
-6.8799
-5.2758
-13.191
-4.6343
-16.228
-8.2054
-6.4014
-12.023
-0.60682
-11.129
-4.8345
-6.1387
-13.641
-1.4975
-9.6905
-1.7336
-3.4682
-13.037
-2.8908
-11.439
-1.7622
-0.64425
-8.0044
2.2805
-8.0453
-0.19936
1.1032
-3.7809
9.3029
-0.35044
5.41
3.5772
-3.12
10.439
2.5587
9.5487
7.1838
-1.6603
9.4801
0.6138
8.9239
9.3532
2.6254
13.481
2.3074
8.5691
9.2697
4.985
18.268
7.3622
11.469
9.1824
3.013
16.365
6.8645
12.184
9.4877
1.0178
11.522
0.75502
7.4923
7.7719
1.3076
11.23
-1.8922
3.1211
3.9965
-0.020761
12.212
-0.46666
2.8723
1.1241
-4.7697
7.4726
-3.542
1.4906
-0.39526
-8.6583
0.69419
-11.273
-4.3432
-3.0286
-9.3392
-0.48579
-14.347
-8.5873
-6.4239
-10.259
1.1362
-11.71
-7.0782
-7.3555
-13.069
-1.4299
-12.107
-5.4135
-5.8492
-14.063
-5.1544
-16.402
-7.6326
-5.0413
-11.472
-2.8865
-15.678
-7.9844
-4.7547
-8.824
2.5391
-8.9241
-2.3729
-1.8732
-7.9601
3.8199
-5.3379
3.0288
2.9079
-5.9231
3.1634
-6.6389
3.3583
5.7129
-1.5817
7.1976
-4.2957
4.145
6.6619
1.6077
13.242
2.9177
9.7428
9.1343
2.0165
14.117
5.8307
13.926
12.302
2.3825
11.743
2.4253
11.575
12.102
3.7331
12.756
1.3936
8.5533
9.1417
3.2187
15.18
4.7477
10.051
7.6282
-0.029085
12.503
3.8935
10.313
7.0751
-3.0622
6.7607
-3.1189
4.2739
3.4723
-4.7711
4.75
-7.3195
-1.8049
-2.073
-7.4213
5.1608
-5.9636
-1.9878
-4.659
-11.272
1.9925
-7.2538
-1.7925
-4.7131
-13.477
-2.9445
-13.457
-6.6789
-6.6889
-13.37
-3.2364
-15.9
-10.599
-9.6123
-13.254
-0.13368
-11.715
-7.4869
-8.4837
-13.341
0.33913
-9.2425
-3.1509
-4.1802
-11.367
-0.69684
-11.536
-3.9176
-2.0544
-7.5317
2.381
-10.622
-4.3405
-1.6061
-4.4615
8.1391
-3.7223
1.6175
2.1742
-2.3385
10.558
0.75185
7.9686
8.131
0.73573
10.308
-0.79002
7.7956
10.327
4.034
12.562
-0.73038
6.3205
9.2051
5.0525
16.161
4.1034
10.072
10.353
4.2316
15.692
5.8393
13.525
12.999
3.7584
11.999
0.95703
9.7721
11.203
2.9162
10.295
-2.8217
4.2528
5.7697
-0.29972
10.033
-1.6105
4.3074
3.1671
-4.5606
6.6382
-2.521
5.0809
3.1773
-7.2758
1.1937
-8.9749
-0.33542
-0.21529
-9.2981
-1.2524
-13.389
-6.5635
-6.1759
-12.522
-1.0542
-11.588
-5.8894
-7.8234
-15.22
-2.4387
-10.403
-2.9813
-5.3279
-14.927
-4.6152
-13.686
-5.295
-5.3602
-13.234
-3.3033
-14.589
-8.1212
-7.6798
-12.542
0.75216
-9.1969
-3.8977
-5.496
-11.188
3.2724
-4.405
2.5806
0.78398
-7.0697
4.5724
-4.6412
3.181
3.7192
-2.5978
8.126
-3.8061
1.939
2.9728
-0.61638
12.915
1.9106
6.4489
5.4732
0.76979
14.967
5.9461
12.215
11.042
3.8168
14.675
3.859
10.986
12.039
5.8824
15.295
1.5668
6.6713
8.0965
4.2373
16.089
3.3072
7.4176
6.8133
1.5567
13.933
3.375
9.543
8.7606
0.76797
9.7875
-2.2456
5.0803
6.4728
-0.66497
6.9639
-7.615
-2.0351
-0.3301
-5.2838
5.0149
-8.1116
-3.1764
-3.4651
-9.7469
1.5124
-8.7715
-1.4118
-1.8204
-10.692
-2.3034
-13.506
-4.7662
-3.0519
-10.963
-3.5336
-16.866
-9.8107
-7.9073
-13.507
-2.9664
-14.488
-8.0686
-8.2421
-14.945
-2.962
-11.339
-2.5551
-2.9382
-12.006
-2.5134
-11.711
-1.8018
-0.27636
-8.2782
0.43196
-11.048
-3.2623
-1.838
-7.4792
4.4064
-5.5362
1.1488
0.27539
-6.3643
6.9988
-0.12098
8.4882
7.2505
-1.6549
9.1413
0.75121
9.9837
10.466
2.6174
12.374
1.1096
7.6839
7.8876
2.3562
14.97
4.6712
9.7487
7.6406
1.1622
15
7.0866
13.896
11.574
2.9371
13.966
4.41
11.755
11.342
3.8107
13.495
0.71812
5.3986
4.9347
-0.24858
12.021
0.017624
3.3982
0.99703
-5.0013
8.3741
-1.2002
4.3372
2.2202
-5.7533
4.7778
-6.2659
0.3076
0.55505
-6.2218
2.8965
-11.17
-6.7777
-6.223
-10.645
1.0114
-11.994
-8.367
-9.4
-14.607
-1.774
-11.917
-5.5391
-5.9648
-13.13
-3.0247
-14.188
-6.2819
-4.2033
-10.305
-1.5855
-15.439
-9.4292
-7.1329
-11.153
0.080628
-12.443
-7.0384
-6.5271
-11.608
0.84274
-8.5336
-0.28547
0.57503
-6.727
3.0586
-7.1285
2.5697
5.5171
-1.0759
7.2921
-5.5593
1.9306
4.5119
-0.4179
10.384
-1.2163
5.2513
5.4636
-0.844
11.188
2.6762
11.589
11.668
2.9711
12.431
3.0283
12.959
14.674
6.5685
14.67
2.409
9.6179
10.535
4.0236
14.611
3.3722
9.0944
7.3747
-0.39606
11.595
3.3189
11.201
9.3317
-0.49736
9.2021
-0.026605
8.705
8.6052
-0.2323
8.3504
-3.8487
2.0204
1.3187
-5.5194
5.7336
-5.566
-1.2228
-4.2192
-11.824
1.0636
-7.2905
-0.63092
-3.2468
-12.33
-1.4801
-10.742
-2.9723
-3.2461
-10.838
-0.98354
-13.252
-8.1192
-8.5126
-13.783
-1.3049
-12.776
-8.9465
-11.195
-17.008
-2.9958
-11.572
-5.1198
-6.542
-13.671
-1.8333
-11.339
-3.4672
-2.214
-7.8802
2.6723
-9.9593
-4.5492
-3.3121
-6.9369
5.7845
-6.2485
-2.0613
-2.7286
-7.3003
6.492
-2.7795
4.1359
4.205
-2.1069
9.1155
-1.1361
7.2952
9.8517
4.4998
14.027
0.57418
6.5179
8.6953
4.7702
16.039
3.0976
7.7199
7.5599
2.1122
14.166
4.0314
11.353
11.576
3.9841
13.405
2.4927
11.361
13.77
6.8499
14.636
0.7533
7.1056
8.7994
3.07
12.725
-0.42018
4.5446
3.6077
-3.7288
7.0045
-3.0029
4.6844
4.0097
-5.3075
3.2955
-7.0532
2.2753
3.7918
-4.5404
2.9928
-9.9427
-3.1065
-2.3038
-9.1154
0.79323
-11.149
-5.7621
-7.5692
-15.603
-4.1126
-12.702
-4.626
-6.0257
-15.535
-5.6447
-14.384
-4.6763
-3.67
-11.68
-2.4448
-13.744
-6.6507
-6.221
-12.34
-0.54886
-11.054
-5.6617
-7.7745
-14.858
-1.4661
-8.9251
-1.0859
-2.6767
-10.997
0.74193
-7.2
2.0757
3.0329
-3.6318
